####15nm

1Corner

error_coverage_list: [1.0, 0.9771689497716894, 0.9657534246575342, 0.9634703196347032, 0.95662100456621, 0.952054794520548, 0.952054794520548, 0.9452054794520548, 0.9406392694063926, 0.9383561643835616, 0.9269406392694064, 0.9223744292237442, 0.9155251141552512, 0.9041095890410958, 0.8904109589041096, 0.8835616438356164, 0.8812785388127854, 0.8584474885844748, 0.8493150684931506, 0.8470319634703196, 0.8447488584474886, 0.8401826484018264, 0.8356164383561644, 0.8013698630136986, 0.7945205479452054, 0.776255707762557, 0.773972602739726, 0.7602739726027398, 0.7511415525114156, 0.7420091324200914, 0.7374429223744292, 0.7328767123287672, 0.730593607305936, 0.723744292237443, 0.7100456621004566, 0.684931506849315, 0.682648401826484, 0.6735159817351598, 0.6438356164383562, 0.6255707762557078, 0.6118721461187214, 0.5958904109589042, 0.5776255707762558, 0.5593607305936074, 0.5342465753424658, 0.5045662100456622, 0.4406392694063927, 0.3972602739726027, 0.363013698630137, 0.2694063926940639]
resource_consumption_list: [1.289544235924933, 1.2806076854334227, 1.2761394101876675, 1.2752457551385166, 1.2725647899910635, 1.2707774798927614, 1.2707774798927614, 1.2680965147453083, 1.2663092046470064, 1.2654155495978552, 1.2609472743521002, 1.259159964253798, 1.256478999106345, 1.2520107238605898, 1.2466487935656836, 1.2439678284182305, 1.2430741733690795, 1.2341376228775693, 1.230563002680965, 1.2296693476318141, 1.2287756925826632, 1.226988382484361, 1.225201072386059, 1.2117962466487935, 1.2091152815013404, 1.2019660411081323, 1.2010723860589811, 1.195710455764075, 1.192135835567471, 1.188561215370867, 1.1867739052725648, 1.1849865951742626, 1.1840929401251117, 1.1814119749776586, 1.1760500446827524, 1.1662198391420913, 1.16532618409294, 1.161751563896336, 1.1501340482573728, 1.1429848078641645, 1.1376228775692583, 1.1313672922252012, 1.1242180518319929, 1.1170688114387846, 1.1072386058981234, 1.0956210902591599, 1.0705987488829312, 1.0536193029490617, 1.0402144772117963, 1.003574620196604]
extra_cost_list: [0.6954216867469879, 0.6906024096385542, 0.6881927710843373, 0.687710843373494, 0.6862650602409639, 0.6853012048192771, 0.6853012048192771, 0.683855421686747, 0.6828915662650602, 0.6824096385542169, 0.68, 0.6790361445783133, 0.6775903614457831, 0.6751807228915663, 0.672289156626506, 0.6708433734939759, 0.6703614457831325, 0.6655421686746988, 0.6636144578313253, 0.6631325301204819, 0.6626506024096386, 0.6616867469879518, 0.6607228915662651, 0.6534939759036145, 0.6520481927710844, 0.6481927710843374, 0.6477108433734939, 0.6448192771084338, 0.6428915662650603, 0.6409638554216868, 0.64, 0.6390361445783133, 0.6385542168674698, 0.6371084337349397, 0.6342168674698795, 0.6289156626506024, 0.6284337349397591, 0.6265060240963856, 0.6202409638554217, 0.6163855421686747, 0.6134939759036144, 0.6101204819277108, 0.6062650602409638, 0.6024096385542169, 0.5971084337349397, 0.5908433734939759, 0.5773493975903614, 0.5681927710843373, 0.5609638554216867, 0.5412048192771084]



2Corner
error_coverage_list: [0.9646017699115044, 0.9557522123893806, 0.9557522123893806, 0.9557522123893806, 0.9557522123893806, 0.9557522123893806, 0.9557522123893806, 0.9557522123893806, 0.9557522123893806, 0.9469026548672567, 0.9469026548672567, 0.9380530973451328, 0.9380530973451328, 0.9203539823008849, 0.9203539823008849, 0.9203539823008849, 0.9026548672566371, 0.8938053097345132, 0.8672566371681416, 0.8672566371681416, 0.8672566371681416, 0.8672566371681416, 0.8672566371681416, 0.8495575221238938, 0.831858407079646, 0.831858407079646, 0.831858407079646, 0.831858407079646, 0.7964601769911505, 0.7699115044247787, 0.7433628318584071, 0.7256637168141593, 0.7256637168141593, 0.6902654867256637, 0.6814159292035398, 0.6814159292035398, 0.672566371681416, 0.6548672566371682, 0.6460176991150443, 0.6106194690265486, 0.584070796460177, 0.5575221238938053, 0.5398230088495575, 0.5132743362831859, 0.49557522123893805, 0.4778761061946903, 0.4247787610619469, 0.3274336283185841, 0.2831858407079646, 0.21238938053097345]
resource_consumption_list: [1.0883534136546185, 1.0873493975903614, 1.0873493975903614, 1.0873493975903614, 1.0873493975903614, 1.0873493975903614, 1.0873493975903614, 1.0873493975903614, 1.0873493975903614, 1.0863453815261044, 1.0863453815261044, 1.0853413654618473, 1.0853413654618473, 1.0833333333333333, 1.0833333333333333, 1.0833333333333333, 1.0813253012048192, 1.0803212851405624, 1.0773092369477912, 1.0773092369477912, 1.0773092369477912, 1.0773092369477912, 1.0773092369477912, 1.0753012048192772, 1.073293172690763, 1.073293172690763, 1.073293172690763, 1.073293172690763, 1.069277108433735, 1.0662650602409638, 1.0632530120481927, 1.0612449799196788, 1.0612449799196788, 1.0572289156626506, 1.0562248995983936, 1.0562248995983936, 1.0552208835341366, 1.0532128514056225, 1.0522088353413654, 1.0481927710843373, 1.0451807228915662, 1.0421686746987953, 1.0401606425702812, 1.03714859437751, 1.035140562248996, 1.033132530120482, 1.0271084337349397, 1.0160642570281124, 1.0110441767068272, 1.0030120481927711]
extra_cost_list: [0.2612048192771084, 0.26096385542168676, 0.26096385542168676, 0.26096385542168676, 0.26096385542168676, 0.26096385542168676, 0.26096385542168676, 0.26096385542168676, 0.26096385542168676, 0.26072289156626505, 0.26072289156626505, 0.2604819277108434, 0.2604819277108434, 0.26, 0.26, 0.26, 0.25951807228915663, 0.2592771084337349, 0.2585542168674699, 0.2585542168674699, 0.2585542168674699, 0.2585542168674699, 0.2585542168674699, 0.2580722891566265, 0.2575903614457831, 0.2575903614457831, 0.2575903614457831, 0.2575903614457831, 0.25662650602409637, 0.25590361445783133, 0.2551807228915663, 0.2546987951807229, 0.2546987951807229, 0.25373493975903616, 0.25349397590361444, 0.25349397590361444, 0.2532530120481928, 0.2527710843373494, 0.2525301204819277, 0.251566265060241, 0.2508433734939759, 0.25012048192771086, 0.24963855421686748, 0.24891566265060242, 0.24843373493975904, 0.24795180722891566, 0.24650602409638553, 0.24385542168674698, 0.24265060240963857, 0.24072289156626506]




3Corner

error_coverage_list = [1.0, 1.0, 0.9807692307692307, 0.9807692307692307, 0.9807692307692307, 0.9807692307692307, 0.9807692307692307, 0.9807692307692307, 0.9807692307692307, 0.9807692307692307, 0.9615384615384616, 0.9615384615384616, 0.9615384615384616, 0.9230769230769231, 0.9230769230769231, 0.9038461538461539, 0.8846153846153846, 0.8846153846153846, 0.8846153846153846, 0.8846153846153846, 0.8653846153846154, 0.8653846153846154, 0.8461538461538461, 0.8461538461538461, 0.8461538461538461, 0.8461538461538461, 0.8269230769230769, 0.8076923076923077, 0.8076923076923077, 0.8076923076923077, 0.8076923076923077, 0.7692307692307693, 0.7692307692307693, 0.7692307692307693, 0.7692307692307693, 0.75, 0.75, 0.75, 0.7307692307692307, 0.7115384615384616, 0.7115384615384616, 0.7115384615384616, 0.6730769230769231, 0.6346153846153846, 0.6346153846153846, 0.5961538461538461, 0.5769230769230769, 0.5192307692307693, 0.4807692307692308, 0.2692307692307692]
resource_consumption_list = [1.0523038605230386, 1.0523038605230386, 1.0510585305105853, 1.0510585305105853, 1.0510585305105853, 1.0510585305105853, 1.0510585305105853, 1.0510585305105853, 1.0510585305105853, 1.0510585305105853, 1.049813200498132, 1.049813200498132, 1.049813200498132, 1.0473225404732254, 1.0473225404732254, 1.046077210460772, 1.0448318804483188, 1.0448318804483188, 1.0448318804483188, 1.0448318804483188, 1.0435865504358655, 1.0435865504358655, 1.0423412204234122, 1.0423412204234122, 1.0423412204234122, 1.0423412204234122, 1.0410958904109588, 1.0398505603985055, 1.0398505603985055, 1.0398505603985055, 1.0398505603985055, 1.037359900373599, 1.037359900373599, 1.037359900373599, 1.037359900373599, 1.0361145703611456, 1.0361145703611456, 1.0361145703611456, 1.0348692403486923, 1.033623910336239, 1.033623910336239, 1.033623910336239, 1.0311332503113324, 1.0286425902864258, 1.0286425902864258, 1.0261519302615194, 1.024906600249066, 1.0211706102117062, 1.0186799501867996, 1.0049813200498132]
extra_cost_list = [0.1357429718875502, 0.1357429718875502, 0.13558232931726907, 0.13558232931726907, 0.13558232931726907, 0.13558232931726907, 0.13558232931726907, 0.13558232931726907, 0.13558232931726907, 0.13558232931726907, 0.13542168674698796, 0.13542168674698796, 0.13542168674698796, 0.1351004016064257, 0.1351004016064257, 0.13493975903614458, 0.13477911646586346, 0.13477911646586346, 0.13477911646586346, 0.13477911646586346, 0.13461847389558232, 0.13461847389558232, 0.1344578313253012, 0.1344578313253012, 0.1344578313253012, 0.1344578313253012, 0.13429718875502009, 0.13413654618473897, 0.13413654618473897, 0.13413654618473897, 0.13413654618473897, 0.1338152610441767, 0.1338152610441767, 0.1338152610441767, 0.1338152610441767, 0.1336546184738956, 0.1336546184738956, 0.1336546184738956, 0.13349397590361445, 0.13333333333333333, 0.13333333333333333, 0.13333333333333333, 0.13301204819277107, 0.13269076305220884, 0.13269076305220884, 0.13236947791164658, 0.13220883534136546, 0.13172690763052208, 0.13140562248995985, 0.12963855421686746]




#####45nm
1Corner
error_coverage_list = [1.0, 1.0, 1.0, 1.0, 1.0, 1.0, 1.0, 0.9906542056074766, 0.9906542056074766, 0.9906542056074766, 0.9906542056074766, 0.9906542056074766, 0.9906542056074766, 0.9906542056074766, 0.9906542056074766, 0.9906542056074766, 0.9906542056074766, 0.9906542056074766, 0.9906542056074766, 0.9906542056074766, 0.9906542056074766, 0.9906542056074766, 0.9906542056074766, 0.9906542056074766, 0.9906542056074766, 0.9906542056074766, 0.9906542056074766, 0.9906542056074766, 0.9906542056074766, 0.9906542056074766, 0.9906542056074766, 0.9906542056074766, 0.9906542056074766, 0.9906542056074766, 0.9906542056074766, 0.9906542056074766, 0.9906542056074766, 0.9906542056074766, 0.9626168224299065, 0.9626168224299065, 0.9345794392523364, 0.9158878504672897, 0.8598130841121495, 0.7850467289719626, 0.7570093457943925, 0.7383177570093458, 0.6728971962616822, 0.5794392523364486, 0.4766355140186916, 0.3644859813084112]
resource_consumption_list = [1.3111111111111111, 1.3111111111111111, 1.3111111111111111, 1.3111111111111111, 1.3111111111111111, 1.3111111111111111, 1.3111111111111111, 1.3074074074074074, 1.3074074074074074, 1.3074074074074074, 1.3074074074074074, 1.3074074074074074, 1.3074074074074074, 1.3074074074074074, 1.3074074074074074, 1.3074074074074074, 1.3074074074074074, 1.3074074074074074, 1.3074074074074074, 1.3074074074074074, 1.3074074074074074, 1.3074074074074074, 1.3074074074074074, 1.3074074074074074, 1.3074074074074074, 1.3074074074074074, 1.3074074074074074, 1.3074074074074074, 1.3074074074074074, 1.3074074074074074, 1.3074074074074074, 1.3074074074074074, 1.3074074074074074, 1.3074074074074074, 1.3074074074074074, 1.3074074074074074, 1.3074074074074074, 1.3074074074074074, 1.2962962962962963, 1.2962962962962963, 1.2851851851851852, 1.2777777777777777, 1.2555555555555555, 1.2259259259259259, 1.2148148148148148, 1.2074074074074075, 1.1814814814814816, 1.1444444444444444, 1.1037037037037036, 1.0592592592592593]
extra_cost_list = [0.944, 0.944, 0.944, 0.944, 0.944, 0.944, 0.944, 0.9413333333333334, 0.9413333333333334, 0.9413333333333334, 0.9413333333333334, 0.9413333333333334, 0.9413333333333334, 0.9413333333333334, 0.9413333333333334, 0.9413333333333334, 0.9413333333333334, 0.9413333333333334, 0.9413333333333334, 0.9413333333333334, 0.9413333333333334, 0.9413333333333334, 0.9413333333333334, 0.9413333333333334, 0.9413333333333334, 0.9413333333333334, 0.9413333333333334, 0.9413333333333334, 0.9413333333333334, 0.9413333333333334, 0.9413333333333334, 0.9413333333333334, 0.9413333333333334, 0.9413333333333334, 0.9413333333333334, 0.9413333333333334, 0.9413333333333334, 0.9413333333333334, 0.9333333333333333, 0.9333333333333333, 0.9253333333333333, 0.92, 0.904, 0.8826666666666667, 0.8746666666666667, 0.8693333333333333, 0.8506666666666667, 0.824, 0.7946666666666666, 0.7626666666666667]




2Corner
error_coverage_list = [1.0, 1.0, 1.0, 1.0, 1.0, 1.0, 1.0, 1.0, 1.0, 1.0, 1.0, 0.9906542056074766, 0.9906542056074766, 0.9906542056074766, 0.9906542056074766, 0.9813084112149533, 0.9813084112149533, 0.9813084112149533, 0.9813084112149533, 0.9719626168224299, 0.9719626168224299, 0.9719626168224299, 0.9719626168224299, 0.9719626168224299, 0.9719626168224299, 0.9719626168224299, 0.9719626168224299, 0.9719626168224299, 0.9719626168224299, 0.9719626168224299, 0.9719626168224299, 0.9719626168224299, 0.9626168224299065, 0.9626168224299065, 0.9626168224299065, 0.9532710280373832, 0.9439252336448598, 0.9252336448598131, 0.9252336448598131, 0.9252336448598131, 0.9158878504672897, 0.8785046728971962, 0.8785046728971962, 0.8691588785046729, 0.8504672897196262, 0.822429906542056, 0.7757009345794392, 0.6355140186915887, 0.45794392523364486, 0.27102803738317754]
resource_consumption_list = [1.4682539682539681, 1.4682539682539681, 1.4682539682539681, 1.4682539682539681, 1.4682539682539681, 1.4682539682539681, 1.4682539682539681, 1.4682539682539681, 1.4682539682539681, 1.4682539682539681, 1.4682539682539681, 1.4642857142857142, 1.4642857142857142, 1.4642857142857142, 1.4642857142857142, 1.4603174603174602, 1.4603174603174602, 1.4603174603174602, 1.4603174603174602, 1.4563492063492063, 1.4563492063492063, 1.4563492063492063, 1.4563492063492063, 1.4563492063492063, 1.4563492063492063, 1.4563492063492063, 1.4563492063492063, 1.4563492063492063, 1.4563492063492063, 1.4563492063492063, 1.4563492063492063, 1.4563492063492063, 1.4523809523809523, 1.4523809523809523, 1.4523809523809523, 1.4484126984126984, 1.4444444444444444, 1.4365079365079365, 1.4365079365079365, 1.4365079365079365, 1.4325396825396826, 1.4166666666666667, 1.4166666666666667, 1.4126984126984128, 1.4047619047619047, 1.3928571428571428, 1.373015873015873, 1.3134920634920635, 1.2380952380952381, 1.1587301587301588]
extra_cost_list = [0.49333333333333335, 0.49333333333333335, 0.49333333333333335, 0.49333333333333335, 0.49333333333333335, 0.49333333333333335, 0.49333333333333335, 0.49333333333333335, 0.49333333333333335, 0.49333333333333335, 0.49333333333333335, 0.492, 0.492, 0.492, 0.492, 0.49066666666666664, 0.49066666666666664, 0.49066666666666664, 0.49066666666666664, 0.48933333333333334, 0.48933333333333334, 0.48933333333333334, 0.48933333333333334, 0.48933333333333334, 0.48933333333333334, 0.48933333333333334, 0.48933333333333334, 0.48933333333333334, 0.48933333333333334, 0.48933333333333334, 0.48933333333333334, 0.48933333333333334, 0.488, 0.488, 0.488, 0.4866666666666667, 0.48533333333333334, 0.4826666666666667, 0.4826666666666667, 0.4826666666666667, 0.48133333333333334, 0.476, 0.476, 0.4746666666666667, 0.472, 0.468, 0.4613333333333333, 0.44133333333333336, 0.416, 0.3893333333333333]




3Corner
error_coverage_list = [1.0, 1.0, 1.0, 0.92, 0.92, 0.92, 0.84, 0.76, 0.72, 0.72, 0.72, 0.68, 0.68, 0.68, 0.64, 0.6, 0.56, 0.56, 0.56, 0.56, 0.56, 0.52, 0.52, 0.52, 0.52, 0.4, 0.4, 0.4, 0.4, 0.4, 0.36, 0.32, 0.28, 0.28, 0.28, 0.24, 0.24, 0.2, 0.16, 0.16, 0.16, 0.16, 0.12, 0.12, 0.12, 0.12, 0.12, 0.12, 0.08, 0.08]
resource_consumption_list = [1.1474926253687316, 1.1474926253687316, 1.1474926253687316, 1.1415929203539823, 1.1415929203539823, 1.1415929203539823, 1.135693215339233, 1.1297935103244838, 1.126843657817109, 1.126843657817109, 1.126843657817109, 1.1238938053097345, 1.1238938053097345, 1.1238938053097345, 1.12094395280236, 1.1179941002949854, 1.1150442477876106, 1.1150442477876106, 1.1150442477876106, 1.1150442477876106, 1.1150442477876106, 1.112094395280236, 1.112094395280236, 1.112094395280236, 1.112094395280236, 1.103244837758112, 1.103244837758112, 1.103244837758112, 1.103244837758112, 1.103244837758112, 1.1002949852507375, 1.0973451327433628, 1.0943952802359882, 1.0943952802359882, 1.0943952802359882, 1.0914454277286136, 1.0914454277286136, 1.0884955752212389, 1.0855457227138643, 1.0855457227138643, 1.0855457227138643, 1.0855457227138643, 1.0825958702064897, 1.0825958702064897, 1.0825958702064897, 1.0825958702064897, 1.0825958702064897, 1.0825958702064897, 1.079646017699115, 1.079646017699115]
extra_cost_list = [0.3457777777777778, 0.3457777777777778, 0.3457777777777778, 0.344, 0.344, 0.344, 0.3422222222222222, 0.34044444444444444, 0.33955555555555555, 0.33955555555555555, 0.33955555555555555, 0.33866666666666667, 0.33866666666666667, 0.33866666666666667, 0.3377777777777778, 0.3368888888888889, 0.336, 0.336, 0.336, 0.336, 0.336, 0.33511111111111114, 0.33511111111111114, 0.33511111111111114, 0.33511111111111114, 0.33244444444444443, 0.33244444444444443, 0.33244444444444443, 0.33244444444444443, 0.33244444444444443, 0.33155555555555555, 0.33066666666666666, 0.3297777777777778, 0.3297777777777778, 0.3297777777777778, 0.3288888888888889, 0.3288888888888889, 0.328, 0.32711111111111113, 0.32711111111111113, 0.32711111111111113, 0.32711111111111113, 0.32622222222222225, 0.32622222222222225, 0.32622222222222225, 0.32622222222222225, 0.32622222222222225, 0.32622222222222225, 0.3253333333333333, 0.3253333333333333]






#####0.2train 
1Corner
error_coverage_list = [1.0, 0.9974747474747475, 0.9974747474747475, 0.9974747474747475, 0.9974747474747475, 0.9974747474747475, 0.9974747474747475, 0.9974747474747475, 0.9974747474747475, 0.9974747474747475, 0.9974747474747475, 0.9974747474747475, 0.9974747474747475, 0.9974747474747475, 0.9974747474747475, 0.9974747474747475, 0.9974747474747475, 0.9974747474747475, 0.9974747474747475, 0.9974747474747475, 0.9974747474747475, 0.9974747474747475, 0.9974747474747475, 0.9974747474747475, 0.9974747474747475, 0.9974747474747475, 0.9974747474747475, 0.9974747474747475, 0.9974747474747475, 0.9949494949494949, 0.9949494949494949, 0.9949494949494949, 0.9924242424242424, 0.9924242424242424, 0.9924242424242424, 0.9924242424242424, 0.9924242424242424, 0.9924242424242424, 0.9747474747474747, 0.9646464646464646, 0.9646464646464646, 0.9595959595959596, 0.9292929292929293, 0.9090909090909091, 0.8636363636363636, 0.8409090909090909, 0.8232323232323232, 0.8106060606060606, 0.5, 0.3409090909090909]
resource_consumption_list = [1.3408521303258145, 1.3395989974937343, 1.3395989974937343, 1.3395989974937343, 1.3395989974937343, 1.3395989974937343, 1.3395989974937343, 1.3395989974937343, 1.3395989974937343, 1.3395989974937343, 1.3395989974937343, 1.3395989974937343, 1.3395989974937343, 1.3395989974937343, 1.3395989974937343, 1.3395989974937343, 1.3395989974937343, 1.3395989974937343, 1.3395989974937343, 1.3395989974937343, 1.3395989974937343, 1.3395989974937343, 1.3395989974937343, 1.3395989974937343, 1.3395989974937343, 1.3395989974937343, 1.3395989974937343, 1.3395989974937343, 1.3395989974937343, 1.3383458646616542, 1.3383458646616542, 1.3383458646616542, 1.337092731829574, 1.337092731829574, 1.337092731829574, 1.337092731829574, 1.337092731829574, 1.337092731829574, 1.3283208020050126, 1.3233082706766917, 1.3233082706766917, 1.3208020050125313, 1.305764411027569, 1.2957393483709274, 1.2731829573934836, 1.2619047619047619, 1.2531328320802004, 1.2468671679197996, 1.0927318295739348, 1.0137844611528821]
extra_cost_list = [0.8916666666666667, 0.8908333333333334, 0.8908333333333334, 0.8908333333333334, 0.8908333333333334, 0.8908333333333334, 0.8908333333333334, 0.8908333333333334, 0.8908333333333334, 0.8908333333333334, 0.8908333333333334, 0.8908333333333334, 0.8908333333333334, 0.8908333333333334, 0.8908333333333334, 0.8908333333333334, 0.8908333333333334, 0.8908333333333334, 0.8908333333333334, 0.8908333333333334, 0.8908333333333334, 0.8908333333333334, 0.8908333333333334, 0.8908333333333334, 0.8908333333333334, 0.8908333333333334, 0.8908333333333334, 0.8908333333333334, 0.8908333333333334, 0.89, 0.89, 0.89, 0.8891666666666667, 0.8891666666666667, 0.8891666666666667, 0.8891666666666667, 0.8891666666666667, 0.8891666666666667, 0.8833333333333333, 0.88, 0.88, 0.8783333333333333, 0.8683333333333333, 0.8616666666666667, 0.8466666666666667, 0.8391666666666666, 0.8333333333333334, 0.8291666666666667, 0.7266666666666667, 0.6741666666666667]




2Corner
error_coverage_list = [1.0, 0.875, 0.828125, 0.8125, 0.78125, 0.75, 0.625, 0.546875, 0.484375, 0.359375, 0.328125, 0.328125, 0.296875, 0.28125, 0.25, 0.25, 0.25, 0.25, 0.25, 0.25, 0.25, 0.25, 0.25, 0.25, 0.234375, 0.234375, 0.234375, 0.234375, 0.234375, 0.234375, 0.21875, 0.21875, 0.21875, 0.171875, 0.140625, 0.140625, 0.140625, 0.140625, 0.140625, 0.140625, 0.125, 0.09375, 0.09375, 0.09375, 0.09375, 0.09375, 0.0625, 0.03125, 0.015625, 0.0]
resource_consumption_list = [1.109221128021486, 1.1020590868397493, 1.099373321396598, 1.098478066248881, 1.0966875559534468, 1.0948970456580125, 1.0877350044762757, 1.0832587287376902, 1.0796777081468218, 1.072515666965085, 1.070725156669651, 1.070725156669651, 1.0689346463742166, 1.0680393912264996, 1.0662488809310653, 1.0662488809310653, 1.0662488809310653, 1.0662488809310653, 1.0662488809310653, 1.0662488809310653, 1.0662488809310653, 1.0662488809310653, 1.0662488809310653, 1.0662488809310653, 1.0653536257833482, 1.0653536257833482, 1.0653536257833482, 1.0653536257833482, 1.0653536257833482, 1.0653536257833482, 1.0644583706356312, 1.0644583706356312, 1.0644583706356312, 1.0617726051924798, 1.0599820948970458, 1.0599820948970458, 1.0599820948970458, 1.0599820948970458, 1.0599820948970458, 1.0599820948970458, 1.0590868397493285, 1.0572963294538944, 1.0572963294538944, 1.0572963294538944, 1.0572963294538944, 1.0572963294538944, 1.05550581915846, 1.053715308863026, 1.052820053715309, 1.0519247985675917]
extra_cost_list = [0.51625, 0.5129166666666667, 0.5116666666666667, 0.51125, 0.5104166666666666, 0.5095833333333334, 0.50625, 0.5041666666666667, 0.5025, 0.49916666666666665, 0.49833333333333335, 0.49833333333333335, 0.4975, 0.4970833333333333, 0.49625, 0.49625, 0.49625, 0.49625, 0.49625, 0.49625, 0.49625, 0.49625, 0.49625, 0.49625, 0.49583333333333335, 0.49583333333333335, 0.49583333333333335, 0.49583333333333335, 0.49583333333333335, 0.49583333333333335, 0.49541666666666667, 0.49541666666666667, 0.49541666666666667, 0.49416666666666664, 0.49333333333333335, 0.49333333333333335, 0.49333333333333335, 0.49333333333333335, 0.49333333333333335, 0.49333333333333335, 0.49291666666666667, 0.4920833333333333, 0.4920833333333333, 0.4920833333333333, 0.4920833333333333, 0.4920833333333333, 0.49125, 0.49041666666666667, 0.49, 0.4895833333333333]





3Corner

error_coverage_list = [1.0, 1.0, 1.0, 1.0, 1.0, 0.9921259842519685, 0.9921259842519685, 0.9921259842519685, 0.9921259842519685, 0.9921259842519685, 0.989501312335958, 0.989501312335958, 0.989501312335958, 0.989501312335958, 0.989501312335958, 0.989501312335958, 0.989501312335958, 0.9868766404199475, 0.9868766404199475, 0.984251968503937, 0.984251968503937, 0.984251968503937, 0.984251968503937, 0.984251968503937, 0.979002624671916, 0.9763779527559056, 0.9763779527559056, 0.9763779527559056, 0.9763779527559056, 0.9763779527559056, 0.9711286089238845, 0.963254593175853, 0.963254593175853, 0.958005249343832, 0.9501312335958005, 0.9448818897637795, 0.9422572178477691, 0.9396325459317585, 0.931758530183727, 0.9081364829396326, 0.8976377952755905, 0.8792650918635171, 0.8608923884514436, 0.8372703412073491, 0.8083989501312336, 0.7559055118110236, 0.7060367454068242, 0.6404199475065617, 0.5774278215223098, 0.41732283464566927]
resource_consumption_list = [1.4411400247831474, 1.4411400247831474, 1.4411400247831474, 1.4411400247831474, 1.4411400247831474, 1.4374225526641884, 1.4374225526641884, 1.4374225526641884, 1.4374225526641884, 1.4374225526641884, 1.436183395291202, 1.436183395291202, 1.436183395291202, 1.436183395291202, 1.436183395291202, 1.436183395291202, 1.436183395291202, 1.4349442379182156, 1.4349442379182156, 1.4337050805452292, 1.4337050805452292, 1.4337050805452292, 1.4337050805452292, 1.4337050805452292, 1.4312267657992566, 1.4299876084262702, 1.4299876084262702, 1.4299876084262702, 1.4299876084262702, 1.4299876084262702, 1.4275092936802973, 1.4237918215613383, 1.4237918215613383, 1.4213135068153655, 1.4175960346964065, 1.4151177199504337, 1.4138785625774473, 1.412639405204461, 1.4089219330855018, 1.3977695167286246, 1.392812887236679, 1.3841387856257745, 1.3754646840148699, 1.3643122676579926, 1.3506815365551426, 1.325898389095415, 1.3023543990086741, 1.271375464684015, 1.241635687732342, 1.1660470879801734]
extra_cost_list = [0.32305555555555554, 0.32305555555555554, 0.32305555555555554, 0.32305555555555554, 0.32305555555555554, 0.32222222222222224, 0.32222222222222224, 0.32222222222222224, 0.32222222222222224, 0.32222222222222224, 0.3219444444444444, 0.3219444444444444, 0.3219444444444444, 0.3219444444444444, 0.3219444444444444, 0.3219444444444444, 0.3219444444444444, 0.32166666666666666, 0.32166666666666666, 0.3213888888888889, 0.3213888888888889, 0.3213888888888889, 0.3213888888888889, 0.3213888888888889, 0.32083333333333336, 0.32055555555555554, 0.32055555555555554, 0.32055555555555554, 0.32055555555555554, 0.32055555555555554, 0.32, 0.31916666666666665, 0.31916666666666665, 0.3186111111111111, 0.31777777777777777, 0.31722222222222224, 0.3169444444444444, 0.31666666666666665, 0.31583333333333335, 0.31333333333333335, 0.31222222222222223, 0.31027777777777776, 0.30833333333333335, 0.30583333333333335, 0.30277777777777776, 0.2972222222222222, 0.29194444444444445, 0.285, 0.2783333333333333, 0.2613888888888889]

