#one corner

result_MAE_plot [8.588776707649231, 11.369179487228394, 10.408998966217041, 10.651853799819946, 10.421392440795898]
result_RMSE_plot [144.3258876800537, 316.5849380493164, 238.3371810913086, 252.93709182739258, 241.11124801635742]
result_LESS10_plot [0.9673333333333334, 0.894, 0.9486666666666667, 0.9433333333333334, 0.946]

#two corner

result_MAE_plot [6.724053541819255, 4.569641192754109, 3.511625051498413, 4.432087421417236, 3.3811446030934653]
result_RMSE_plot [95.4869016011556, 71.04464721679688, 42.89022890726725, 63.93267567952474, 42.170249938964844]
result_LESS10_plot [0.9884444444444445, 0.984, 0.992, 0.9875555555555555, 0.992]

#three corner

result_MAE_plot [4.1406378746032715, 4.0825358629226685, 3.399733543395996, 4.628172755241394, 3.679631233215332]
result_RMSE_plot [49.80710506439209, 47.067955017089844, 36.3958625793457, 47.746604919433594, 41.485610008239746]
result_LESS10_plot [0.9853333333333333, 0.992, 0.9933333333333333, 0.992, 0.9946666666666667]
