#####one corner#===========================================
##Ridge
result_MAE_plot [13.615445234791085, 14.955552095178774, 13.832483616951388, 15.096065653220524, 17.36376925753812]
result_RMSE_plot [398.03989657003865, 513.3296978505059, 414.73811878223177, 459.066154980645, 625.7042341753529]
result_LESS10_plot [0.8909444444444444, 0.8630000000000001, 0.8693333333333333, 0.8468888888888889, 0.8271666666666666]


##MLP




##RF
result_MAE_plot [12.259880660530197, 15.41237409502595, 14.330175817131352, 15.17177810267652, 17.412940607920433]
result_RMSE_plot [286.40267534882594, 527.5985253441854, 426.24036661147557, 438.1208222919338, 586.9744663744661]
result_LESS10_plot [0.9268518518518518, 0.850462962962963, 0.8664351851851851, 0.8618055555555556, 0.8127314814814814]






##GP
result_MAE_plot [10.712541699409485, 13.789746761322021, 13.789071559906006, 14.673187017440796, 15.608013153076172]
result_RMSE_plot [293.3842468261719, 422.4942932128906, 410.8443908691406, 367.9403762817383, 418.93955993652344]
result_LESS10_plot [0.9244444444444444, 0.885, 0.8605555555555555, 0.8836111111111111, 0.875]


######two corner#===========================================
##Ridge
result_MAE_plot [12.824955281487439, 13.391894212869024, 12.085297110390684, 12.253486582030803, 13.245438102163826]
result_RMSE_plot [404.94536426059676, 449.9408956671779, 327.2176369398019, 290.58477336159797, 385.45078469368053]
result_LESS10_plot [0.9148148148148149, 0.8944444444444445, 0.9107407407407407, 0.9155555555555556, 0.9107407407407407]




##MLP




##RF
result_MAE_plot [11.939669504764618, 13.338626470922796, 12.869753315255695, 11.99417742998641, 13.388682221596667]
result_RMSE_plot [300.203626608094, 373.3035375264985, 334.55548353070077, 260.46519551698066, 331.1376504456502]
result_LESS10_plot [0.9429012345679012, 0.8870370370370371, 0.9018518518518519, 0.9287037037037037, 0.9067901234567901]



##GP
result_MAE_plot [5.154624621073405, 6.11087433497111, 6.41828727722168, 5.197354157765706, 4.935793240865071]
result_RMSE_plot [109.25802357991536, 129.84888712565103, 119.34242502848308, 92.78378295898438, 89.7554219563802]
result_LESS10_plot [0.98, 0.9644444444444444, 0.9618518518518518, 0.9718518518518519, 0.9781481481481481]



######three corner#===========================================
##Ridge
result_MAE_plot [13.652467239135284, 14.762704596113654, 12.636491303061383, 12.16821751774641, 13.756624520115862]
result_RMSE_plot [473.95245326334015, 560.8819853953464, 373.2342116796473, 308.3053944097453, 446.86960191382286]
result_LESS10_plot [0.9044444444444445, 0.8688888888888889, 0.9016666666666666, 0.9277777777777778, 0.9144444444444444]




##MLP




##RF
result_MAE_plot [12.984819889953101, 14.725773729422158, 12.860399892030198, 12.718171192291408, 13.447734191890973]
result_RMSE_plot [365.4300461376903, 487.0299764820194, 342.24642222717824, 281.9802221708848, 339.6334668859856]
result_LESS10_plot [0.9305555555555556, 0.8689814814814815, 0.8949074074074074, 0.9208333333333333, 0.8949074074074074]






##GP
result_MAE_plot [3.866811752319336, 3.681896209716797, 3.5475778579711914, 6.682940483093262, 4.5321279764175415]
result_RMSE_plot [75.73760795593262, 66.93767166137695, 50.14269256591797, 107.96988677978516, 63.440053939819336]
result_LESS10_plot [0.9883333333333333, 0.9861111111111112, 0.9866666666666667, 0.9677777777777777, 0.9894444444444445]
