#one corner
result_MAE_plot [10.016018629074097, 10.317225575447083, 11.576340913772583, 13.802766561508179, 15.996268510818481]
result_RMSE_plot [278.38821029663086, 264.4979019165039, 278.0931739807129, 507.9977607727051, 527.20361328125]
result_LESS10_plot [0.9226506024096386, 0.9250602409638554, 0.9186746987951807, 0.873132530120482, 0.8333734939759037]



#two corner

result_MAE_plot [5.379764874776204, 6.669436454772949, 4.783997535705566, 8.509540875752768, 7.345523357391357]
result_RMSE_plot [108.09951400756836, 147.36140950520834, 83.42117818196614, 306.4443715413411, 208.8865203857422]
result_LESS10_plot [0.9747791164658635, 0.9614457831325302, 0.980562248995984, 0.9370281124497992, 0.9482730923694779]


#three corner

result_MAE_plot [4.24383819103241, 4.610795021057129, 3.944455623626709, 7.48351263999939, 6.588942289352417]
result_RMSE_plot [75.11443901062012, 98.51364135742188, 69.83248329162598, 209.8824806213379, 106.62865829467773]
result_LESS10_plot [0.9872289156626506, 0.9768674698795181, 0.9833734939759036, 0.951566265060241, 0.9773493975903614]


