Ridge
result_MAE_plot [113.23581435131977, 58.29545267439005, 17.739185926382895, 156.35493570272953, 65.85628689888412, 49.038524180001914, 126.33447119777347,95.12141921338376, 86.71979315355756, 83.14405546122332]

result_RMSE_plot [21522.484345836507, 10090.460900468086, 678.0156218979819, 45244.36922832682, 9057.313037763908, 4817.762087310682, 27742.289302962443,16087.670575484499, 13896.887145697914, 12562.60998550921]

result_LESS10_plot [0.17591666666666667, 0.5818749999999999, 0.8432499999999999, 0.15032118055555554, 0.39523437499999997, 0.4728819444444444, 0.18950617283950616,0.21412037037037038, 0.23958333333333334, 0.2119212962962963]

MLP






RF

result_MAE_plot [76.10618574873789, 65.16136595966873, 16.886312235395344, 162.1235518504095, 64.20331635634209, 53.2701485562999, 116.87210649278086]

result_RMSE_plot [11233.005155797464, 10331.59100910085, 637.6231025173154, 48262.11380949866, 7538.801163610557, 4907.747019202539, 22441.78037991296]

result_LESS10_plot [0.28208333333333335, 0.28729166666666667, 0.8866666666666667, 0.1916232638888889, 0.29266493055555554, 0.35520833333333335, 0.16057098765432098]



GP


