Ridge
result_MAE_plot [85.8974796061218, 61.413712396303765, 18.437381290343072, 144.82385053108925, 44.51828505821826, 37.00745201750058, 91.00816241174276,73.56670365521181, 74.26608587101195, 73.85644901228498]

result_RMSE_plot [11539.868731761062, 11069.108602693208, 668.5844089368546, 40719.084683864945, 4390.284678008041, 3016.4271740002328, 15412.781306797822,10723.049299589518, 10489.754725351191, 11052.771048884248]

result_LESS10_plot [0.18583333333333332, 0.5763888888888888, 0.8213888888888888, 0.1814814814814815, 0.5112268518518519, 0.5763310185185185, 0.2701131687242798,0.35982510288065844, 0.323559670781893, 0.34192386831275723]


MLP
result_MAE_plot = [72.45098684942208, 55.72368240075036, 21.109926244390127, 128.41343489286044, 40.00859706520359, 32.67651776861978, 79.2282854294054,66.13270255973707, 70.5849206169872, 70.16464281519916]

result_RMSE_plot = [8865.858081375422, 9381.943971543556, 1064.0022138332922, 32253.370294039178, 3406.7747852546495, 2457.040823048066, 12126.503674068488,8479.728782239144, 9117.94533538311, 9819.005565484937]

result_LESS10_plot = [0.24083333333333334, 0.6216666666666667, 0.7766666666666666, 0.22887731481481483, 0.5348958333333333, 0.6291666666666667, 0.31224279835390945,0.36270576131687243, 0.31584362139917693, 0.34732510288065843]



RF
result_MAE_plot = [60.24624258557768, 51.61066849979749, 17.118688350740562, 124.77913625931039, 42.692384640737, 33.01725274242073, 79.92455440294528,64.31163753592247, 69.7864436634502, 70.62483018888751]

result_RMSE_plot = [7014.604015104069, 8309.273817699714, 605.0815239380885, 30329.022346961487, 3656.4551891454157, 2483.559267800583, 12009.858423669963,8095.289567648153, 9023.589228500272, 9633.869423974904]

result_LESS10_plot = [0.36138888888888887, 0.6247222222222222, 0.8694444444444445, 0.22175925925925927, 0.5185763888888889, 0.6452546296296297, 0.27314814814814814,0.383179012345679, 0.31748971193415637, 0.35581275720164607]


GP
result_MAE_plot = [55.44738896687826, 50.69095834096273, 17.16524314880371, 76.3250249226888, 40.11604690551758, 32.170196533203125, 77.86322784423828,63.146139780680336, 68.8816769917806, 69.46152877807617]

result_RMSE_plot = [6217.236328125, 8360.875162760416, 600.0315450032552, 15587.33056640625, 3380.71826171875, 2454.9300537109375, 11708.776041666666,8205.479654947916, 8824.549153645834, 9574.479817708334]

result_LESS10_plot = [0.39305555555555555, 0.6475, 0.8455555555555555, 0.3947337962962963, 0.5325810185185185, 0.6431712962962963, 0.30828189300411524,0.39351851851851855, 0.3318930041152263, 0.3549897119341564]


