Ridge
result_MAE_plot [73.98367560849404, 81.09159476306064, 17.31390228433901, 125.94568477095984, 40.1280734088171, 33.25212299133574, 81.66485527228105,71.1981539870457, 71.29548561709096, 75.46202565205834]

result_RMSE_plot [8714.133027250733, 16168.083978275708, 599.269311992189, 29853.851825529156, 3564.6113663402475, 2565.0150611436065, 12699.45149700292,10176.147200379102, 9563.579069520592, 11804.634864804804]

result_LESS10_plot [0.22916666666666666, 0.4816666666666667, 0.8391666666666666, 0.16640625, 0.5644965277777778, 0.6272569444444445, 0.3076388888888889,0.37546296296296294, 0.3351851851851852, 0.33271604938271604]



MLP



RF



GP